2
26
10
5
0
0
0
18
5
9
0
28
15
0
0
0
1
4
2
1
6
0
1
1
3
13
0
4
5
0
6
0
0
25
27
14
1
0
8
2
0
3
0
21
1
7
1
4
4
0
28
12
24
20
5
23
0
0
0
1
2
1
15
1
1
4
0
14
0
30
12
0
0
14
9
10
12
0
1
0
18
6
1
0
1
1
10
6
20
3
0
9
11
4
12
3
4
2
0
0
0
6
1
3
21
1
2
11
0
0
1
0
23
14
6
18
14
0
20
4
14
20
1
0
0
2
15
17
0
3
2
0
0
1
25
1
4
9
1
28
27
1
3
1
1
0
6
3
0
1
21
0
0
3
30
0
8
11
0
10
1
6
6
4
0
16
1
0
0
5
8
0
3
0
7
0
8
2
24
0
1
0
23
19
1
7
14
4
4
0
0
20
21
6
1
1
10
20
20
12
7
0
0
21
6
0
0
7
0
0
4
8
7
0
9
0
1
11
7
17
7
5
0
1
1
0
28
2
20
6
13
3
5
3
0
10
1
0
7
0
25
26
22
2
0
23
2
27
27
17
1
2
17
1
0
4
24
8
5
0
6
30
0
4
19
10
8
9
1
1
14
14
18
22
3
3
13
7
9
13
20
1
2
0
5
0
3
4
1
5
0
0
15
1
0
4
12
0
6
0
0
4
4
6
10
28
4
1
13
1
2
0
0
27
16
8
2
0
0
1
4
9
7
1
26
10
4
6
2
1
1
11
0
0
0
0
17
9
3
0
3
3
0
2
2
6
6
0
2
6
3
17
7
0
0
7
0
5
24
5
2
7
3
4
25
2
27
21
0
0
0
0
0
8
0
1
16
0
14
1
0
8
6
19
10
14
1
0
11
14
30
2
2
12
1
24
17
2
11
11
0
21
3
15
1
20
2
0
21
0
1
26
26
5
6
2
1
1
8
11
13
13
0
3
0
4
2
20
1
0
0
11
6
0
0
9
0
15
9
0
0
30
2
2
14
25
30
11
2
0
12
4
2
21
0
3
0
3
0
0
0
7
11
5
27
2
1
18
0
27
0
28
0
20
4
31
0
4
28
4
6
8
3
6
5
21
0
1
26
20
3
6
1
0
3
1
5
0
28
30
9
4
1
14
8
0
22
15
26
10
6
2
24
18
0
0
2
14
30
0
5
2
28
16
16
3
2
1
0
18
14
31
31
4
12
25
17
1
2
0
26
6
0
8
6
1
0
8
4
12
4
17
4
4
19
2
0
0
11
6
9
0
0
0
1
5
2
2
21
1
4
13
2
6
18
25
0
23
3
1
3
29
3
1
6
0
0
0
0
0
0
7
0
1
20
3
7
0
0
0
0
1
0
0
0
3
0
1
3
8
0
13
6
0
18
23
0
1
14
11
0
0
2
3
6
1
3
11
0
1
9
20
3
4
0
2
4
0
1
2
0
1
0
1
0
20
5
8
13
3
0
4
5
11
2
0
1
1
7
5
1
30
6
0
0
0
0
0
0
1
0
20
0
4
2
29
0
2
28
18
14
1
0
7
23
4
5
1
12
0
1
2
3
0
0
6
1
5
0
3
4
0
1
0
0
30
1
14
1
8
11
5
3
2
1
23
15
27
0
10
24
0
0
10
5
16
0
13
0
0
0
14
7
4
1
19
2
14
2
2
3
1
11
3
0
21
2
4
21
6
0
24
6
1
0
13
6
4
20
13
0
1
1
10
0
5
11
19
1
15
0
16
0
2
13
0
0
10
9
7
8
4
1
1
0
21
5
2
3
25
0
5
3
6
0
18
24
5
8
23
9
0
5
6
2
10
24
23
2
0
30
16
0
23
18
4
5
2
0
1
14
0
1
2
4
22
1
1
10
3
0
3
0
0
3
2
22
1
5
6
0
7
0
27
0
2
0
31
3
5
0
11
0
20
0
0
0
3
5
0
12
3
4
2
2
4
0
0
18
25
2
1
7
2
0
0
9
7
0
0
0
8
0
0
13
0
7
0
0
0
10
17
15
2
7
0
1
20
0
0
29
0
0
5
2
20
14
1
1
2
5
1
6
2
4
2
1
25
11
0
18
3
20
13
2
0
29
4
6
1
0
16
30
4
0
1
0
22
0
5
1
4
7
15
0
0
0
21
18
5
5
7
0
22
2
2
4
0
0
10
0
5
0
2
1
1
9
1
5
3
7
24
10
0
0
1
5
0
3
5
1
12
0
0
10
3
8
2
1
15
13
8
1
5
1
0
22
0
26
2
