14
14
20
13
9
14
14
12
17
19
12
25
15
15
4
10
20
20
13
12
13
14
9
12
20
5
15
10
14
16
9
16
17
15
17
13
20
18
14
25
12
15
14
19
20
17
18
18
23
14
13
22
22
21
21
11
22
18
15
13
21
19
19
19
13
25
16
19
22
15
21
17
11
8
14
16
14
10
14
17
0
8
10
17
11
15
13
12
19
1
12
18
9
14
16
11
10
17
7
19
16
21
6
15
8
16
14
12
13
22
13
19
10
21
16
13
18
16
8
13
16
4
17
8
12
12
13
21
13
12
22
22
9
27
11
22
23
10
18
13
16
17
15
18
8
16
10
5
9
20
11
12
18
14
16
17
18
18
11
6
17
22
18
20
20
15
18
25
15
13
15
17
16
9
16
23
31
18
13
8
26
11
16
6
14
19
14
16
13
20
19
21
16
9
14
16
28
11
12
15
23
19
14
12
16
14
24
11
4
22
18
13
14
4
7
18
17
28
18
9
15
23
11
10
21
16
19
16
18
19
18
15
20
14
19
16
6
20
24
14
4
18
16
11
15
12
16
21
14
19
14
16
17
21
19
20
20
21
11
17
13
15
13
24
19
19
15
14
13
25
16
26
15
13
21
21
21
11
17
18
27
18
15
8
22
17
15
11
11
16
7
11
17
15
13
20
10
23
11
15
13
7
19
16
21
5
10
24
20
10
24
20
14
2
12
15
10
21
15
26
16
17
23
6
22
24
16
14
19
22
20
13
22
9
6
22
20
15
13
16
11
17
15
20
12
21
10
14
11
13
13
12
12
11
12
16
14
12
8
17
18
10
14
10
18
19
14
10
16
16
6
7
12
22
13
20
11
22
5
24
12
17
15
21
21
22
10
15
14
13
17
14
31
18
11
22
18
12
16
12
16
18
11
12
19
19
16
11
21
10
16
14
14
15
15
14
14
15
11
18
24
18
15
16
13
13
14
14
18
13
19
15
10
30
19
11
6
20
24
12
15
18
12
20
11
18
16
16
16
14
3
16
5
12
4
20
17
15
20
13
18
14
11
12
26
11
17
10
16
14
10
17
15
11
14
9
22
12
17
5
20
17
8
12
19
20
13
18
13
16
19
4
6
10
16
21
13
20
16
14
11
15
9
12
16
15
11
13
11
14
17
7
7
18
17
19
22
20
23
22
16
8
16
19
10
15
17
11
22
10
12
10
14
17
19
3
18
23
17
3
13
23
21
15
15
8
16
17
17
24
15
17
5
12
27
13
20
22
22
18
12
11
16
10
17
15
15
19
14
13
18
17
25
17
18
14
10
9
15
17
19
5
17
13
20
25
15
14
17
18
17
17
9
20
10
20
22
11
16
11
18
13
13
3
27
6
16
21
26
8
12
13
17
17
20
17
15
17
23
16
14
12
16
5
16
7
11
12
20
15
20
19
15
19
17
12
21
12
14
18
19
16
21
10
17
17
16
11
19
19
12
10
15
9
16
17
19
23
5
17
9
18
11
18
14
13
22
17
18
20
8
13
18
13
5
17
22
19
15
21
10
14
15
23
18
11
20
14
27
23
11
21
16
7
7
14
17
11
11
13
23
18
9
10
16
14
16
8
3
16
19
14
14
5
16
12
21
8
13
11
11
13
9
23
10
18
17
27
23
11
16
20
21
16
7
23
17
18
11
9
10
15
17
9
12
21
20
8
9
11
23
14
13
17
21
9
25
11
19
12
13
20
20
14
21
8
14
20
15
6
13
18
11
11
20
16
13
28
14
17
13
16
13
14
18
17
22
12
16
15
14
14
15
13
13
23
24
11
20
13
19
18
17
18
20
18
8
16
9
11
8
23
12
14
17
16
18
6
14
12
9
11
28
14
20
16
8
1
8
12
19
18
20
20
13
15
17
10
20
21
14
22
15
18
22
12
16
6
21
17
20
12
18
22
18
16
15
10
9
13
13
11
11
17
22
10
20
12
17
24
14
11
18
14
17
16
27
10
17
10
11
17
10
15
16
23
20
13
15
20
17
18
7
19
18
18
17
18
13
17
10
26
22
16
19
15
20
13
15
18
11
17
14
13
6
13
15
29
15
17
22
9
14
19
6
14
16
2
14
16
19
20
7
16
8
21
15
7
22
15
23
10
12
24
17
14
15
10
17
11
11
13
16
22
19
24
8
11
13
18
12
25
22
15
11
21
17
15
9
15
15
24
16
12
14
19
13
13
11
15
18
19
20
11
15
8
21
14
18
18
16
21
16
11
6
14
12
28
13
20
