18
21
8
26
23
27
2
21
11
9
23
28
3
29
25
11
22
23
8
13
17
12
18
25
21
20
14
18
26
11
18
28
5
8
19
25
27
26
13
15
16
6
18
0
2
6
14
10
20
20
0
16
31
4
5
27
13
21
6
4
30
17
13
17
21
20
6
31
5
10
2
31
12
9
5
7
5
15
8
26
14
2
18
2
14
12
14
30
3
28
14
4
7
14
29
3
14
18
27
19
12
9
12
22
7
12
14
19
17
20
19
12
1
3
12
21
23
6
29
19
18
17
4
9
14
22
6
14
12
11
5
10
5
18
27
10
8
11
29
13
17
3
9
5
5
29
0
21
30
2
5
26
30
31
12
11
29
7
25
31
16
23
5
25
0
11
3
0
8
21
22
10
29
7
19
8
19
7
4
13
27
12
9
28
8
17
27
21
12
20
30
26
7
13
9
18
4
20
5
18
1
12
13
4
27
8
13
0
7
15
23
14
1
15
25
24
22
22
11
25
31
22
1
1
1
4
13
29
15
20
29
31
13
1
0
12
12
16
10
22
12
24
0
10
3
31
7
26
27
19
2
12
16
0
11
19
20
9
22
3
30
0
10
27
29
15
23
5
29
4
13
22
21
23
28
21
10
4
25
25
26
27
1
20
25
11
10
25
18
15
9
19
30
1
7
20
13
16
16
27
18
30
31
9
12
21
26
0
30
6
24
5
8
22
30
28
2
13
26
12
14
26
20
1
26
3
3
4
0
0
6
21
27
30
29
8
21
3
26
1
4
25
1
3
11
6
12
13
4
19
1
30
4
18
31
27
29
4
13
9
24
7
1
10
19
1
12
1
23
8
14
18
26
2
31
10
29
23
13
29
20
10
25
18
14
7
12
18
27
10
23
3
12
29
15
2
6
24
29
29
24
22
5
29
24
17
20
4
31
20
24
14
5
10
9
10
21
15
8
25
23
10
27
15
20
2
0
31
26
12
20
22
24
30
20
22
0
18
2
2
22
12
24
14
1
27
10
15
8
14
24
16
4
19
10
21
31
27
1
23
22
16
20
15
17
11
12
6
3
10
2
26
6
5
25
25
29
15
27
14
19
7
15
25
8
29
4
23
26
0
30
1
22
3
7
20
10
19
16
23
12
4
21
8
13
3
19
0
16
28
0
18
13
18
3
5
17
2
2
19
19
5
14
13
16
10
11
1
9
15
28
17
9
26
12
12
28
25
3
17
2
4
6
0
15
1
6
2
18
9
9
23
12
16
8
5
15
7
9
30
12
5
11
3
31
4
3
20
18
20
24
13
0
3
11
12
1
8
29
8
1
8
10
17
9
3
13
19
28
22
21
4
8
25
23
3
14
20
11
13
21
5
25
25
15
12
12
28
20
26
16
17
7
16
28
18
14
9
14
25
27
16
3
4
19
25
8
5
8
15
16
17
8
5
13
28
31
28
15
1
0
14
5
26
8
19
27
19
11
18
0
15
5
12
14
31
20
1
27
8
0
3
28
15
25
9
27
25
3
5
7
13
14
0
30
1
18
20
10
10
24
15
5
17
3
16
9
17
14
23
14
14
14
9
21
2
5
17
12
3
5
19
23
15
20
9
4
0
18
1
14
15
24
1
11
26
3
22
22
11
20
4
30
18
22
27
0
8
6
22
14
10
30
30
13
0
18
7
21
16
28
6
7
9
26
20
10
8
30
21
16
31
11
3
8
14
5
21
28
0
0
29
4
3
21
30
22
31
13
30
28
5
23
17
24
31
24
14
20
2
27
12
15
8
10
12
19
9
7
30
8
16
18
27
18
10
31
19
17
23
7
31
30
22
0
10
31
30
11
27
21
4
30
16
23
6
15
14
8
27
16
16
29
25
23
13
27
0
13
28
20
30
11
1
10
3
11
10
13
13
11
24
5
3
30
23
18
19
26
0
4
30
22
0
19
1
11
28
26
13
22
0
13
8
20
6
19
7
30
18
16
8
2
18
31
8
31
14
0
19
14
12
23
23
25
24
25
14
7
10
25
25
24
5
16
22
14
0
7
12
10
26
17
19
10
18
28
3
20
25
20
26
7
30
25
7
29
21
7
15
26
18
14
31
15
31
28
31
20
3
4
18
19
22
2
27
14
5
21
9
29
15
6
9
17
28
13
23
11
30
25
11
6
25
24
27
12
10
30
30
25
11
15
30
22
10
3
0
17
25
12
19
8
16
16
19
26
18
13
31
21
13
30
17
23
16
19
4
0
8
6
5
8
9
8
9
5
8
27
2
