11
16
28
26
21
16
25
3
27
16
18
30
8
26
16
19
22
22
25
15
28
12
5
21
2
19
8
9
29
14
3
14
22
17
10
16
29
19
11
3
24
25
22
28
0
3
19
26
1
18
19
31
15
27
29
8
24
17
27
4
17
4
8
24
15
9
4
11
10
25
18
5
17
8
1
22
25
17
2
1
5
17
23
21
13
6
7
11
24
9
11
14
5
21
29
13
10
8
28
20
16
4
26
4
19
8
11
0
14
17
14
20
9
5
15
10
2
14
2
30
30
24
24
2
19
25
31
9
21
23
27
20
8
5
3
28
9
14
11
21
5
29
18
26
12
26
26
3
24
1
2
17
31
3
12
10
4
31
21
25
7
13
20
23
1
5
11
2
6
19
5
19
2
14
26
16
20
29
7
31
14
19
4
3
4
19
21
12
31
10
29
18
29
28
24
21
7
5
16
26
27
17
26
11
15
22
7
3
23
3
0
0
22
11
21
23
1
30
16
21
15
21
26
5
0
20
2
31
27
12
15
14
13
13
13
8
7
13
6
31
26
25
30
27
0
6
9
10
3
7
22
13
11
8
6
18
18
10
7
25
10
10
10
22
21
1
21
12
20
26
25
2
22
15
21
20
9
10
28
18
26
20
4
15
8
7
12
2
6
29
0
1
4
29
6
9
19
18
12
20
13
28
22
3
23
0
5
8
21
10
5
27
7
22
10
17
12
8
12
29
14
3
15
31
24
20
9
6
4
9
19
1
18
12
11
5
30
20
12
30
25
30
9
13
14
0
10
7
14
23
9
12
3
21
17
13
31
6
0
1
8
1
2
18
19
18
24
16
20
31
19
22
19
27
19
31
18
26
8
19
21
31
23
7
20
31
27
7
21
15
20
19
3
22
0
3
13
30
18
25
22
1
1
9
22
30
6
6
28
8
24
28
5
17
4
19
15
28
30
20
4
26
17
13
10
23
22
14
11
25
23
7
0
2
24
9
11
5
10
11
22
6
15
16
12
12
14
12
15
2
20
16
13
28
23
12
25
10
29
6
10
13
30
26
25
18
30
15
31
17
18
15
5
4
20
30
10
26
6
31
20
28
6
15
30
12
8
29
17
25
7
1
30
14
20
4
23
9
9
5
24
21
5
19
18
2
27
18
30
24
6
13
11
3
13
9
16
20
6
29
17
21
20
4
16
12
1
0
27
7
5
16
0
15
10
3
4
26
26
1
2
8
18
4
12
7
9
28
25
27
28
16
13
16
13
9
8
18
3
23
14
3
25
16
2
17
11
16
25
8
2
13
22
6
2
9
22
14
20
7
14
15
5
12
31
15
9
3
26
17
29
18
4
21
11
10
27
7
29
30
18
13
16
0
22
26
20
6
1
16
8
12
1
3
18
24
31
28
17
0
15
19
27
13
23
27
24
11
10
25
17
26
23
30
19
6
6
22
16
15
30
25
17
29
29
28
5
31
6
12
24
21
26
10
24
6
28
22
3
7
23
24
20
22
22
22
30
4
2
15
30
10
29
13
27
28
27
20
19
25
14
8
21
9
13
8
12
3
31
23
30
17
9
26
19
14
13
25
6
0
10
14
12
26
11
1
18
23
18
14
7
23
28
29
21
12
9
26
17
15
21
23
27
27
12
2
2
28
24
7
27
4
30
6
17
29
5
20
9
2
2
18
22
22
15
24
13
12
4
23
30
11
20
19
30
8
3
27
5
27
9
14
29
21
11
25
17
28
0
10
24
16
27
25
26
28
18
31
30
4
2
25
9
4
16
13
19
16
10
3
0
8
24
25
9
14
13
21
11
17
4
30
12
25
24
27
0
11
10
29
22
5
1
1
12
1
2
9
2
15
3
0
27
31
11
1
26
8
14
30
5
10
16
7
25
3
7
26
24
3
11
6
5
0
1
13
23
25
28
0
27
7
20
14
18
11
24
31
12
2
21
4
7
7
24
15
8
29
28
29
1
31
1
29
5
23
27
30
0
30
1
15
18
14
7
5
31
8
10
24
14
20
5
27
13
23
23
19
16
15
0
25
11
29
17
12
0
15
31
4
29
31
29
4
11
11
31
28
22
0
28
18
26
17
28
7
4
27
23
23
16
0
16
9
6
25
24
2
29
31
2
18
6
9
8
14
28
31
15
2
0
31
16
19
21
7
7
11
28
2
6
7
23
13
27
24
5
19
20
17
18
4
6
29
4
21
4
3
6
17
30
6
16
1
1
22
19
14
23
0
19
27
21
14
11
1
29
5
28
8
15
13
16
22
0
24
20
1
24
3
26
23
8
17
28
31
1
3
23
8
10
0
17
23